0 0.5147058824 0.8190359477 0.0465686275 0.0522875817
0 0.5874693627 0.7598039216 0.0450367647 0.0514705882
0 0.6651348039 0.7273284314 0.0471813725 0.0477941176
0 0.4178921569 0.6979166667 0.037377451 0.0584150327
0 0.3255208333 0.6533905229 0.0456495098 0.0461601307
0 0.6669730392 0.6292892157 0.0477941176 0.0543300654
0 0.5272671569 0.6135620915 0.0465686275 0.0629084967
0 0.448682598 0.5910947712 0.0425857843 0.0473856209
0 0.762254902 0.595996732 0.0398284314 0.0596405229
0 0.6375612745 0.5302287582 0.0520833333 0.0531045752
0 0.3589154412 0.5 0.0376838235 0.0580065359
0 0.5036764706 0.4624183007 0.0392156863 0.0661764706
0 0.7567401961 0.4566993464 0.0416666667 0.0645424837
0 0.5827205882 0.4538398693 0.0379901961 0.0604575163
0 0.2576593137 0.4281045752 0.0428921569 0.0482026144
0 0.4183517157 0.377246732 0.0376838235 0.0567810458
0 0.6436887255 0.3739787582 0.0379901961 0.0584150327
0 0.5376838235 0.3660130719 0.0441176471 0.0547385621
0 0.7375919118 0.3647875817 0.0450367647 0.0539215686
0 0.6564031863 0.2969771242 0.0419730392 0.0555555556
0 0.4206495098 0.2373366013 0.0428921569 0.0490196078
0 0.3010110294 0.2428513072 0.0395220588 0.0633169935
0 0.5523897059 0.2203839869 0.0453431373 0.0543300654
0 0.6905637255 0.1740196078 0.0422794118 0.0514705882
