0 0.5056678922 0.7886029412 0.0560661765 0.0535130719
0 0.5724571078 0.7244689542 0.0554534314 0.0535130719
0 0.6505821078 0.6850490196 0.0523897059 0.0498366013
0 0.4010416667 0.6742238562 0.0441176471 0.0600490196
0 0.3083639706 0.6362336601 0.053002451 0.0486111111
0 0.6453737745 0.5894607843 0.0579044118 0.0588235294
0 0.5081188725 0.5829248366 0.0499387255 0.0727124183
0 0.4273897059 0.5669934641 0.050245098 0.0490196078
0 0.7385110294 0.5486111111 0.0542279412 0.0612745098
0 0.6125919118 0.4932598039 0.0664828431 0.0600490196
0 0.3334865196 0.4850898693 0.0450367647 0.0641339869
0 0.4790134804 0.4338235294 0.0462622549 0.0694444444
0 0.231004902 0.4183006536 0.050245098 0.0547385621
0 0.5586703431 0.4197303922 0.0431985294 0.0641339869
0 0.7276348039 0.4117647059 0.0557598039 0.0678104575
0 0.3898590686 0.3578431373 0.0456495098 0.0661764706
0 0.5067401961 0.3368055556 0.0575980392 0.0567810458
0 0.6113664216 0.3382352941 0.053002451 0.0645424837
0 0.7061887255 0.3204656863 0.056372549 0.0592320261
0 0.6237745098 0.2579656863 0.0484068627 0.0600490196
0 0.2630208333 0.2312091503 0.0481004902 0.0710784314
0 0.3877144608 0.2134395425 0.0474877451 0.0526960784
0 0.5160845588 0.1891339869 0.0554534314 0.0661764706
0 0.6496629902 0.1345996732 0.0505514706 0.0600490196
