0 0.5068933824 0.8341503268 0.0456495098 0.0498366013
0 0.5795036765 0.7665441176 0.046875 0.0469771242
0 0.6564031863 0.7326388889 0.0462622549 0.0486111111
0 0.4067095588 0.7113970588 0.0364583333 0.0592320261
0 0.3146446078 0.6709558824 0.0453431373 0.0461601307
0 0.6559436275 0.6350081699 0.0447303922 0.0559640523
0 0.5154718137 0.625 0.0444240196 0.0629084967
0 0.4365808824 0.6039624183 0.0416666667 0.0477941176
0 0.7504595588 0.597630719 0.0382965686 0.0596405229
0 0.625 0.537377451 0.0496323529 0.0543300654
0 0.3452818627 0.516748366 0.037377451 0.0580065359
0 0.4895833333 0.4744689542 0.0392156863 0.0657679739
0 0.5681678922 0.462622549 0.0364583333 0.0608660131
0 0.7426470588 0.4587418301 0.0392156863 0.0637254902
0 0.2421875 0.4489379085 0.0425857843 0.0482026144
0 0.4022671569 0.3921568627 0.037377451 0.056372549
0 0.6279105392 0.3803104575 0.0352328431 0.0588235294
0 0.5211397059 0.3766339869 0.0428921569 0.0547385621
0 0.7219669118 0.3662173203 0.0419730392 0.0543300654
0 0.6381740196 0.3037173203 0.0404411765 0.0551470588
0 0.2777267157 0.2634803922 0.0401348039 0.0620915033
0 0.4016544118 0.252246732 0.0416666667 0.0486111111
0 0.5321691176 0.2303921569 0.0441176471 0.0547385621
0 0.6692708333 0.1828022876 0.0419730392 0.0526960784
