0 0.4856004902 0.8341503268 0.0545343137 0.0555555556
0 0.5553002451 0.7736928105 0.0566789216 0.0498366013
0 0.6343443627 0.7406045752 0.0517769608 0.0490196078
0 0.3857230392 0.7113970588 0.0441176471 0.0608660131
0 0.2930453431 0.6640114379 0.0548406863 0.0477941176
0 0.6334252451 0.6452205882 0.0566789216 0.0584150327
0 0.4969362745 0.6258169935 0.0471813725 0.0727124183
0 0.7290134804 0.6119281046 0.0585171569 0.0522875817
0 0.4175857843 0.6055964052 0.0520833333 0.0477941176
0 0.6052389706 0.5471813725 0.0646446078 0.0616830065
0 0.3261335784 0.514501634 0.0456495098 0.0633169935
0 0.7236519608 0.4756944444 0.0606617647 0.0600490196
0 0.4747242647 0.4756944444 0.0450367647 0.0690359477
0 0.5546875 0.4677287582 0.0431985294 0.0629084967
0 0.2276348039 0.4401552288 0.0484068627 0.051879085
0 0.6083026961 0.3933823529 0.0523897059 0.0620915033
0 0.3887867647 0.3929738562 0.0453431373 0.0629084967
0 0.7035845588 0.3821486928 0.0572916667 0.0543300654
0 0.5065870098 0.3823529412 0.0572916667 0.056372549
0 0.6268382353 0.3127042484 0.0484068627 0.0584150327
0 0.3935355392 0.2485702614 0.0474877451 0.0510620915
0 0.2688419118 0.2563316993 0.0474877451 0.0706699346
0 0.5234375 0.2357026144 0.0542279412 0.0653594771
0 0.6577818627 0.1946486928 0.050245098 0.0649509804
