0 0.5010723039 0.7875816993 0.0548406863 0.0531045752
0 0.5678615196 0.7236519608 0.0548406863 0.0535130719
0 0.6461397059 0.685253268 0.0520833333 0.0494281046
0 0.3956801471 0.6703431373 0.0425857843 0.0604575163
0 0.3039215686 0.6327614379 0.0520833333 0.0482026144
0 0.6410845588 0.5892565359 0.0579044118 0.0584150327
0 0.5041360294 0.5816993464 0.0493259804 0.0727124183
0 0.4231004902 0.5649509804 0.0508578431 0.0490196078
0 0.7349877451 0.5484068627 0.0533088235 0.0592320261
0 0.6092218137 0.4922385621 0.0652573529 0.0596405229
0 0.3295036765 0.4820261438 0.0450367647 0.0645424837
0 0.4757965686 0.4319852941 0.0459558824 0.0690359477
0 0.5556066176 0.4176879085 0.0425857843 0.0616830065
0 0.2279411765 0.4142156863 0.0496323529 0.0547385621
0 0.7245710784 0.4127859477 0.0557598039 0.0682189542
0 0.3867953431 0.3549836601 0.0450367647 0.0637254902
0 0.5039828431 0.3351715686 0.0575980392 0.0567810458
0 0.6084558824 0.3378267974 0.0526960784 0.0637254902
0 0.7032781863 0.3212826797 0.0554534314 0.0600490196
0 0.6213235294 0.2575571895 0.0477941176 0.0600490196
0 0.2608762255 0.2273284314 0.046875 0.0706699346
0 0.3854166667 0.2105800654 0.0465686275 0.0510620915
0 0.5137867647 0.1881127451 0.0551470588 0.0657679739
0 0.6478247549 0.1368464052 0.0499387255 0.0645424837
