0 0.4920343137 0.8378267974 0.0533088235 0.0531045752
0 0.5598958333 0.7775735294 0.0554534314 0.0535130719
0 0.6398590686 0.7428513072 0.0523897059 0.0486111111
0 0.3895526961 0.7146650327 0.0438112745 0.0592320261
0 0.2990196078 0.6717728758 0.0533088235 0.0477941176
0 0.638939951 0.6466503268 0.0566789216 0.0555555556
0 0.5010723039 0.6307189542 0.0487132353 0.0710784314
0 0.4209558824 0.6102941176 0.0496323529 0.0482026144
0 0.7336090686 0.6135620915 0.0523897059 0.0604575163
0 0.6087622549 0.5490196078 0.0655637255 0.0596405229
0 0.3299632353 0.5214460784 0.0453431373 0.0616830065
0 0.4774816176 0.4797794118 0.0456495098 0.0674019608
0 0.7267156863 0.4752859477 0.0557598039 0.0649509804
0 0.5575980392 0.4714052288 0.0428921569 0.0629084967
0 0.2305453431 0.448120915 0.0505514706 0.0514705882
0 0.3910845588 0.3986928105 0.0456495098 0.0612745098
0 0.6132046569 0.393995098 0.0517769608 0.0616830065
0 0.5087316176 0.3858251634 0.0572916667 0.0551470588
0 0.7081801471 0.3827614379 0.0560661765 0.0571895425
0 0.6285232843 0.314746732 0.0487132353 0.0575980392
0 0.3944546569 0.2555147059 0.0462622549 0.0510620915
0 0.2694546569 0.2638888889 0.046875 0.0678104575
0 0.5229779412 0.2399918301 0.0551470588 0.0641339869
0 0.6583946078 0.1952614379 0.0496323529 0.0612745098
