0 0.5010723039 0.8343545752 0.0572916667 0.050245098
0 0.5727634804 0.766748366 0.0603553922 0.0473856209
0 0.6530330882 0.7330473856 0.053002451 0.0494281046
0 0.402879902 0.7124183007 0.0441176471 0.0620915033
0 0.3098958333 0.6717728758 0.0542279412 0.0477941176
0 0.6495098039 0.6368464052 0.0575980392 0.0596405229
0 0.5102634804 0.6270424837 0.0548406863 0.0669934641
0 0.4316789216 0.6053921569 0.0514705882 0.0498366013
0 0.7434129902 0.5994689542 0.0523897059 0.0633169935
0 0.6164215686 0.5394199346 0.0667892157 0.0592320261
0 0.3409926471 0.5200163399 0.0459558824 0.0637254902
0 0.486060049 0.4761029412 0.0462622549 0.0690359477
0 0.5649509804 0.4636437908 0.043504902 0.0637254902
0 0.7359068627 0.4620098039 0.0526960784 0.0694444444
0 0.2386642157 0.4517973856 0.050245098 0.0531045752
0 0.3976715686 0.3958333333 0.0465686275 0.0629084967
0 0.6208639706 0.3835784314 0.0493259804 0.0645424837
0 0.5154718137 0.3801062092 0.0542279412 0.0625
0 0.7159926471 0.3696895425 0.0539215686 0.0620915033
0 0.6346507353 0.3055555556 0.0487132353 0.0596405229
0 0.2734375 0.2671568627 0.0493259804 0.0694444444
0 0.3993566176 0.2534722222 0.046875 0.0510620915
0 0.5257352941 0.2346813725 0.0569852941 0.0633169935
0 0.6639093137 0.1879084967 0.0526960784 0.0629084967
