0 0.5010723039 0.8343545752 0.0572916667 0.0494281046
0 0.5732230392 0.7671568627 0.0594362745 0.0473856209
0 0.6530330882 0.733251634 0.053002451 0.0498366013
0 0.402879902 0.7128267974 0.0441176471 0.0620915033
0 0.3098958333 0.6721813725 0.0548406863 0.0486111111
0 0.6496629902 0.6366421569 0.0572916667 0.0592320261
0 0.5099571078 0.6266339869 0.0554534314 0.0661764706
0 0.4316789216 0.6053921569 0.0514705882 0.0498366013
0 0.7429534314 0.5992647059 0.0533088235 0.0637254902
0 0.6165747549 0.5394199346 0.0664828431 0.0592320261
0 0.3408394608 0.5200163399 0.0462622549 0.0645424837
0 0.4865196078 0.4758986928 0.0459558824 0.068627451
0 0.5651041667 0.4638480392 0.0431985294 0.0633169935
0 0.736060049 0.4618055556 0.0523897059 0.0698529412
0 0.2385110294 0.4517973856 0.0499387255 0.0539215686
0 0.3976715686 0.3958333333 0.0465686275 0.0637254902
0 0.6208639706 0.383374183 0.0493259804 0.0649509804
0 0.5154718137 0.3801062092 0.0542279412 0.0616830065
0 0.7162990196 0.3696895425 0.0539215686 0.0620915033
0 0.6348039216 0.3053513072 0.0484068627 0.0592320261
0 0.2735906863 0.2673611111 0.0490196078 0.0698529412
0 0.3993566176 0.2532679739 0.0474877451 0.0506535948
0 0.5258884804 0.2344771242 0.0566789216 0.0629084967
0 0.6643688725 0.1877042484 0.0517769608 0.0625
